30,138
1,138,36.449,61.063,2,2,44,9.827,2
2,53,9.827,56.711,0,0,42,9.827,0
3,133,9.827,61.068,2,2,43,9.827,2
4,80,36.709,59.628,3,1,138,36.913,3
5,88,9.827,61.484,2,2,43,9.827,2
6,116,9.827,62.942,0,0,44,9.827,0
7,109,36.799,59.904,1,1,43,9.827,1
8,87,9.827,57.133,1,1,42,9.827,1
9,79,36.913,61.534,0,3,138,36.913,0
10,60,9.827,57.766,0,0,42,9.827,0
11,64,64.000,63.340,1,0,138,64.000,1
12,96,36.913,59.744,0,3,44,9.827,3
13,138,14.941,60.119,1,1,42,9.827,1
14,80,36.913,61.846,3,3,138,36.913,3
15,78,9.827,60.674,2,2,43,9.827,2
16,64,9.827,59.182,3,3,42,9.827,3
17,100,9.827,63.744,0,0,44,9.827,0
18,79,9.827,62.258,0,3,44,9.827,3
19,64,9.827,58.936,1,1,42,9.827,1
20,65,9.827,60.713,2,2,42,9.827,2
21,138,15.657,60.847,0,0,44,9.827,0
22,60,9.827,57.935,3,3,42,9.827,3
23,65,9.827,59.151,2,2,42,9.827,2
24,124,9.827,62.768,2,1,44,9.827,1
25,77,36.913,62.677,0,0,138,36.913,0
26,73,9.827,63.225,0,0,44,9.827,0
27,78,36.913,59.634,2,1,138,36.913,2
28,63,9.827,58.423,3,3,42,9.827,3
29,138,24.291,63.264,3,3,44,9.827,1
30,138,56.728,62.012,1,1,45,9.827,1
31,90,9.827,58.555,2,2,42,9.827,2
32,81,36.807,61.498,0,0,138,36.913,0
33,64,9.827,59.715,0,0,42,9.827,0
34,64,9.827,59.209,1,1,42,9.827,1
35,71,9.827,62.510,0,0,43,9.827,0
36,79,36.913,61.553,0,3,138,36.913,0
37,79,36.913,58.655,2,2,138,36.913,2
38,76,36.913,60.013,0,3,138,36.913,0
39,81,36.858,61.417,3,1,138,36.913,3
40,78,36.913,60.535,0,0,138,36.913,0
41,95,36.858,60.905,3,3,44,9.827,3
42,103,9.827,61.648,0,0,43,9.827,0
43,57,9.827,57.948,2,2,42,9.827,2
44,69,9.827,57.720,1,1,42,9.827,1
45,78,36.913,62.670,3,1,138,36.913,3
46,125,36.630,62.673,2,2,138,36.913,2
47,138,14.839,60.651,1,1,43,9.827,1
48,95,36.913,62.606,0,2,138,36.913,0
49,58,9.827,58.829,0,0,42,9.827,0
50,76,9.827,60.207,3,3,43,9.827,3
51,79,36.913,59.266,0,3,138,36.913,0
52,73,9.827,60.096,2,2,43,9.827,2
53,94,9.827,62.247,1,1,43,9.827,1
54,54,9.827,57.051,0,0,42,9.827,0
55,53,9.827,57.390,1,1,42,9.827,1
56,94,36.913,60.495,2,2,138,36.913,2
57,79,9.827,61.310,3,3,43,9.827,3
58,66,36.913,60.537,3,3,138,36.913,3
59,69,9.827,62.285,3,3,43,9.827,3
60,128,9.827,60.628,3,3,44,9.827,3
61,138,29.433,62.921,0,0,138,36.913,0
62,134,9.827,57.326,1,1,42,9.827,1
63,60,9.827,59.567,2,2,42,9.827,2
64,83,9.827,62.174,2,2,45,9.827,1
65,64,9.827,60.146,3,3,42,9.827,3
66,77,36.913,63.283,0,0,138,36.913,0
67,82,63.835,62.454,1,1,138,36.913,3
68,60,9.827,57.036,2,2,42,9.827,2
69,105,36.913,62.901,0,3,138,36.913,3
70,68,36.795,62.244,0,2,138,36.913,0
71,138,28.984,61.086,1,1,43,9.827,1
72,60,9.827,59.094,3,3,42,9.827,3
73,97,36.827,63.562,0,2,138,36.913,0
74,59,9.827,58.544,1,1,42,9.827,1
75,138,63.087,63.198,3,0,138,36.913,3
76,106,9.827,59.974,3,3,138,36.913,3
77,89,9.827,60.310,2,2,43,9.827,2
78,61,9.827,60.689,2,2,42,9.827,2
79,138,36.693,62.017,2,2,138,36.913,2
80,60,9.827,59.492,3,3,42,9.827,3
81,65,9.827,58.765,0,0,42,9.827,0
82,59,9.827,55.831,1,1,42,9.827,1
83,108,36.819,61.542,1,1,45,9.827,1
84,68,9.827,62.768,2,2,43,9.827,2
85,109,36.823,61.669,0,0,44,9.827,0
86,95,36.913,62.741,3,1,138,36.913,3
87,61,9.827,60.327,3,3,42,9.827,3
88,103,9.827,62.517,1,1,43,9.827,1
89,62,9.827,58.365,0,0,42,9.827,0
90,67,9.827,60.932,3,3,43,9.827,3
91,78,36.913,61.308,3,3,138,36.913,3
92,94,36.913,58.676,3,3,44,9.827,3
93,60,9.827,59.785,1,1,42,9.827,1
94,63,9.827,58.430,3,3,42,9.827,3
95,67,9.827,59.276,0,0,43,9.827,0
96,138,36.854,62.151,3,3,44,9.827,3
97,78,36.913,59.675,3,3,138,36.913,3
98,78,9.827,56.575,0,0,43,9.827,0
99,88,9.827,62.859,3,3,43,9.827,3
100,66,9.827,62.076,1,1,43,9.827,1
101,90,36.913,61.809,2,1,46,9.827,1
102,109,36.913,61.362,0,3,44,9.827,3
103,79,36.913,61.088,3,1,44,9.827,1
104,66,36.913,60.382,0,0,138,36.913,0
105,58,9.827,59.126,3,3,42,9.827,3
106,53,9.827,58.835,0,0,42,9.827,0
107,78,9.827,59.905,1,1,43,9.827,1
108,63,9.827,60.014,3,3,42,9.827,3
109,62,9.827,58.005,1,1,42,9.827,1
110,54,9.827,58.520,3,3,42,9.827,3
111,80,9.827,60.860,2,2,43,9.827,2
112,87,9.827,60.232,1,1,42,9.827,1
113,64,36.913,60.042,3,3,138,36.913,3
114,54,9.827,56.998,1,1,42,9.827,1
115,56,9.827,58.685,3,3,42,9.827,3
116,77,9.827,62.374,1,1,43,9.827,1
117,138,12.614,61.558,0,0,44,9.827,0
118,65,9.827,58.363,3,3,42,9.827,3
119,63,9.827,62.425,0,0,42,9.827,0
120,59,9.827,59.858,3,3,42,9.827,3
121,59,9.827,59.981,3,3,42,9.827,3
122,108,9.827,60.275,0,0,43,9.827,0
123,130,9.827,60.161,2,2,43,9.827,2
124,78,9.827,60.525,0,0,43,9.827,0
125,64,9.827,61.562,2,2,43,9.827,2
126,63,9.827,56.196,2,2,42,9.827,2
127,71,9.827,60.644,2,2,43,9.827,2
128,78,9.827,61.179,1,1,43,9.827,1
129,66,9.827,59.244,3,3,42,9.827,3
130,79,36.913,62.082,0,3,138,36.913,0
131,66,36.913,59.773,2,1,138,36.913,2
132,81,36.913,63.350,0,0,138,36.913,0
133,81,36.913,61.881,3,1,44,9.827,1
134,53,9.827,57.223,2,2,42,9.827,2
135,62,9.827,58.863,3,3,42,9.827,3
136,97,36.744,61.737,1,1,138,36.913,2
137,92,36.913,61.856,0,2,138,36.913,0
138,54,9.827,58.535,2,2,42,9.827,2
139,138,63.083,61.650,3,0,138,36.913,0
140,67,36.661,59.493,2,2,138,36.913,2
141,110,36.697,60.992,3,3,45,9.827,3
142,91,9.827,57.757,0,0,43,9.827,0
143,66,9.827,61.691,0,0,43,9.827,0
144,79,36.913,60.635,2,2,138,36.913,2
145,78,9.827,60.257,0,0,43,9.827,0
146,108,64.000,61.477,1,1,138,36.913,3
147,58,9.827,54.495,2,2,42,9.827,2
148,56,9.827,56.921,1,1,42,9.827,1
149,74,9.827,61.765,1,1,43,9.827,1
150,60,9.827,58.277,0,0,42,9.827,0
151,109,36.913,60.812,2,2,138,36.913,2
152,65,9.827,60.021,0,0,42,9.827,0
153,77,9.827,59.101,2,2,44,9.827,2
154,79,36.913,61.009,3,1,138,36.913,3
155,77,36.913,59.109,0,0,138,36.913,0
156,138,63.902,62.798,0,3,138,64.000,1
157,103,9.827,61.417,0,0,43,9.827,0
158,81,36.882,62.143,2,1,138,36.913,2
159,76,9.827,60.838,0,0,43,9.827,0
160,75,9.827,60.138,3,3,43,9.827,3
161,92,9.827,62.500,0,3,44,9.827,0
162,65,9.827,61.275,0,0,43,9.827,0
163,55,9.827,59.890,0,0,42,9.827,0
164,75,9.846,58.982,2,2,43,9.827,2
165,138,36.795,59.901,3,3,43,9.827,3
166,72,9.827,61.657,0,0,43,9.827,0
167,79,9.827,61.609,0,0,45,9.827,0
168,138,36.717,62.846,0,0,138,36.913,0
169,94,36.878,63.062,2,2,45,9.827,2
170,71,9.827,61.202,3,3,43,9.827,3
171,67,9.827,61.033,0,0,43,9.827,0
172,67,9.827,60.260,1,1,42,9.827,1
173,61,9.827,56.223,3,3,42,9.827,3
174,77,36.913,62.824,3,1,138,36.913,3
175,78,36.913,61.632,2,1,138,36.913,2
176,77,9.827,62.116,1,1,43,9.827,1
177,53,9.827,58.885,3,3,42,9.827,3
178,78,9.827,60.612,3,3,42,9.827,3
179,89,9.827,62.316,3,3,44,9.827,3
180,60,9.827,58.441,0,0,42,9.827,0
181,60,9.827,60.411,0,0,42,9.827,0
182,65,36.913,61.605,0,2,138,36.913,0
183,74,9.827,60.176,0,0,43,9.827,0
184,58,9.827,58.693,1,1,42,9.827,1
185,59,9.827,58.731,2,2,42,9.827,2
186,82,36.913,62.009,0,3,43,9.827,3
187,54,9.827,56.671,1,1,42,9.827,1
188,52,9.827,54.831,3,3,41,9.827,3
189,61,9.827,57.615,3,3,42,9.827,3
190,138,36.681,61.954,0,2,138,36.913,0
191,79,36.913,60.773,0,0,138,36.913,0
192,53,9.827,57.091,2,2,42,9.827,2
193,62,9.827,59.935,2,2,42,9.827,2
194,95,36.913,61.359,2,1,44,9.827,1
195,59,9.827,59.300,3,3,42,9.827,3
196,78,36.913,61.938,2,2,138,36.913,2
197,65,9.827,58.814,1,1,42,9.827,1
198,77,36.913,61.571,3,3,138,36.913,3
199,67,36.913,61.278,3,1,138,36.913,3
200,66,36.913,59.412,2,2,138,36.913,2
%%
0
0
1069
1533
8982
8697
29350
46886
49005
78233
55678
76753
100037
65427
57074
32627
24155
22562
8139
900
0
0
